 Date   Unc_Con   Unc_Strat   Unc_Tot 
 20151203-030000  29.826670766629622 0.7598847383262474 30.58655550495587
 20151203-030500  0.002867489578589613 30.58368801537728 30.58655550495587
 20151203-031000  0.005161481241461303 30.58139402371441 30.58655550495587
 20151203-031500  0.012999286089606245 30.573556218866266 30.58655550495587
 20151203-032000  0.012234622201982348 30.574320882753888 30.58655550495587
 20151203-032500  0.01873426524678547 30.567821239709083 30.58655550495587
 20151203-033000  0.022175252741093006 30.56438025221478 30.58655550495587
 20151203-033500  0.05085014852698913 30.53570535642888 30.58655550495587
 20151203-034000  0.09634764984061099 30.49020785511526 30.58655550495587
 20151203-034500  0.16535856569866766 30.421196939257204 30.58655550495587
 20151203-035000  0.19823911286649523 30.388316392089376 30.58655550495587
 20151203-035500  0.21792920797281057 30.36862629698306 30.58655550495587
 20151203-040000  0.22634051073667344 30.360214994219195 30.58655550495587
 20151203-040500  0.23513414544434824 30.351421359511523 30.58655550495587
 20151203-041000  0.2169733781132807 30.36958212684259 30.58655550495587
 20151203-041500  0.20148893438889678 30.385066570566973 30.58655550495587
 20151203-042000  0.2131500586751612 30.37340544628071 30.58655550495587
 20151203-042500  0.2318843239219467 30.354671181033922 30.58655550495587
 20151203-043000  0.22481118296142566 30.361744321994443 30.58655550495587
 20151203-043500  0.23494297947244228 30.35161252548343 30.58655550495587
 20151203-044000  0.27298500788173113 30.31357049707414 30.58655550495587
 20151203-044500  0.3079683807405244 30.278587124215345 30.58655550495587
 20151203-045000  0.31733551336391713 30.269219991591953 30.58655550495587
 20151203-045500  0.3012775717238153 30.285277933232056 30.58655550495587
 20151203-050000  0.33645211055451457 30.250103394401357 30.58655550495587
 20151203-050500  0.3599655250989494 30.22658997985692 30.58655550495587
 20151203-051000  0.3593920271832315 30.22716347777264 30.58655550495587
 20151203-051500  0.4045071965530414 30.18204830840283 30.58655550495587
 20151203-052000  0.42993227081653596 30.156623234139335 30.58655550495587
 20151203-052500  0.44713720828807363 30.139418296667795 30.58655550495587
 20151203-053000  0.49875202070268665 30.087803484253183 30.58655550495587
 20151203-053500  0.47810609573684143 30.10844940921903 30.58655550495587
 20151203-054000  0.47237111657966224 30.11418438837621 30.58655550495587
 20151203-054500  0.46128349020911574 30.125272014746756 30.58655550495587
 20151203-055000  0.4284029430412882 30.158152561914584 30.58655550495587
 20151203-055500  0.3974340555925203 30.18912144936335 30.58655550495587
