991.0 62 12.8 10.6 145.0 23.0 -13.192258036074056 18.840497018646815 UIL 72797 2015-12-03 12:00:00 47.95 -124.55 62.0 31.57
973.0 215 14.0 12.1 154.0 32.0 -14.027876697250473 28.761409481573345 UIL 72797 2015-12-03 12:00:00 47.95 -124.55 62.0 31.57
962.4 305 13.3 11.8 160.0 37.0 -12.654745303049749 34.76862696907861 UIL 72797 2015-12-03 12:00:00 47.95 -124.55 62.0 31.57
927.7 610 11.0 10.7 165.0 45.0 -11.646857029613447 43.46666218300807 UIL 72797 2015-12-03 12:00:00 47.95 -124.55 62.0 31.57
925.0 634 10.8 10.6 165.0 45.0 -11.646857029613447 43.46666218300807 UIL 72797 2015-12-03 12:00:00 47.95 -124.55 62.0 31.57
910.0 771 10.0 9.9 175.0 51.0 -4.444942880130568 50.80592960267902 UIL 72797 2015-12-03 12:00:00 47.95 -124.55 62.0 31.57
894.4 914 9.5 9.4 185.0 58.0 5.0550330793641605 57.77929248932124 UIL 72797 2015-12-03 12:00:00 47.95 -124.55 62.0 31.57
862.2 1219 8.4 8.3 190.0 58.0 10.071594304681968 57.118849674708066 UIL 72797 2015-12-03 12:00:00 47.95 -124.55 62.0 31.57
850.0 1337 8.0 7.9 190.0 56.0 9.724297949348106 55.14923416868365 UIL 72797 2015-12-03 12:00:00 47.95 -124.55 62.0 31.57
829.0 1544 7.4 7.2 192.0 49.0 10.187672850070216 47.92923243595647 UIL 72797 2015-12-03 12:00:00 47.95 -124.55 62.0 31.57
800.6 1829 5.6 5.4 195.0 40.0 10.352761804100831 38.63703305156273 UIL 72797 2015-12-03 12:00:00 47.95 -124.55 62.0 31.57
771.3 2134 3.6 3.4 195.0 40.0 10.352761804100831 38.63703305156273 UIL 72797 2015-12-03 12:00:00 47.95 -124.55 62.0 31.57
754.0 2319 2.4 2.2 195.0 40.0 10.352761804100831 38.63703305156273 UIL 72797 2015-12-03 12:00:00 47.95 -124.55 62.0 31.57
743.0 2438 1.9 1.6 195.0 40.0 10.352761804100831 38.63703305156273 UIL 72797 2015-12-03 12:00:00 47.95 -124.55 62.0 31.57
715.4 2743 0.5 0.2 195.0 38.0 9.83512371389579 36.70518139898459 UIL 72797 2015-12-03 12:00:00 47.95 -124.55 62.0 31.57
700.0 2918 -0.3 -0.6 195.0 37.0 9.57630466879327 35.73925557269553 UIL 72797 2015-12-03 12:00:00 47.95 -124.55 62.0 31.57
686.0 3080 -0.9 -1.3 197.0 37.0 10.817753074741262 35.38327597063231 UIL 72797 2015-12-03 12:00:00 47.95 -124.55 62.0 31.57
637.8 3658 -4.6 -5.1 205.0 36.0 15.214257422665174 32.6270803333194 UIL 72797 2015-12-03 12:00:00 47.95 -124.55 62.0 31.57
626.0 3805 -5.5 -6.1 203.0 38.0 14.847782882592394 34.979184431192735 UIL 72797 2015-12-03 12:00:00 47.95 -124.55 62.0 31.57
601.0 4125 -6.5 -7.2 197.0 41.0 11.98723989363221 39.208494994484454 UIL 72797 2015-12-03 12:00:00 47.95 -124.55 62.0 31.57
590.0 4267 -7.4 -8.2 195.0 43.0 11.129218939408394 41.53481053042994 UIL 72797 2015-12-03 12:00:00 47.95 -124.55 62.0 31.57
545.1 4877 -11.3 -12.2 200.0 45.0 15.39090644965509 42.28616793536588 UIL 72797 2015-12-03 12:00:00 47.95 -124.55 62.0 31.57
507.0 5435 -14.9 -16.0 204.0 48.0 19.52335886763841 43.85018196684484 UIL 72797 2015-12-03 12:00:00 47.95 -124.55 62.0 31.57
500.0 5540 -15.7 -16.6 205.0 49.0 20.708294825294264 44.409081564795855 UIL 72797 2015-12-03 12:00:00 47.95 -124.55 62.0 31.57
468.0 6035 -19.7 -20.7 205.0 56.0 23.66662265747916 50.7532360740524 UIL 72797 2015-12-03 12:00:00 47.95 -124.55 62.0 31.57
464.1 6096 -20.2 -21.6 205.0 57.0 24.089240919219858 51.659543861089055 UIL 72797 2015-12-03 12:00:00 47.95 -124.55 62.0 31.57
447.0 6374 -22.3 -25.4 204.0 62.0 25.21767187069961 56.63981837384125 UIL 72797 2015-12-03 12:00:00 47.95 -124.55 62.0 31.57
401.0 7162 -27.9 -30.1 200.0 76.0 25.99353089275082 71.41663917972905 UIL 72797 2015-12-03 12:00:00 47.95 -124.55 62.0 31.57
400.0 7180 -28.1 -30.4 200.0 76.0 25.99353089275082 71.41663917972905 UIL 72797 2015-12-03 12:00:00 47.95 -124.55 62.0 31.57
394.0 7288 -28.9 -32.9 201.0 76.0 27.235964165442834 70.95211241378732 UIL 72797 2015-12-03 12:00:00 47.95 -124.55 62.0 31.57
387.0 7416 -29.7 -33.7 203.0 77.0 30.086296893674064 70.87887371583791 UIL 72797 2015-12-03 12:00:00 47.95 -124.55 62.0 31.57
376.0 7620 -31.6 -37.2 205.0 77.0 32.54160615403384 69.78569960182206 UIL 72797 2015-12-03 12:00:00 47.95 -124.55 62.0 31.57
374.0 7658 -31.9 -37.9 205.0 77.0 32.54160615403384 69.78569960182206 UIL 72797 2015-12-03 12:00:00 47.95 -124.55 62.0 31.57
340.0 8323 -37.9 -42.5 211.0 85.0 43.7782363673546 72.85922055967954 UIL 72797 2015-12-03 12:00:00 47.95 -124.55 62.0 31.57
335.0 8424 -38.9 -44.9 212.0 86.0 45.57305672405561 72.93213626945264 UIL 72797 2015-12-03 12:00:00 47.95 -124.55 62.0 31.57
325.0 8631 -40.5 -45.5 213.0 89.0 48.47287411633741 74.64168054714274 UIL 72797 2015-12-03 12:00:00 47.95 -124.55 62.0 31.57
321.0 8715 -41.3 -48.3 214.0 90.0 50.3273613123672 74.61338152995377 UIL 72797 2015-12-03 12:00:00 47.95 -124.55 62.0 31.57
317.0 8800 -42.3 -50.3 215.0 91.0 52.1954557079452 74.54283603029825 UIL 72797 2015-12-03 12:00:00 47.95 -124.55 62.0 31.57
315.2 8839 -42.6 -50.6 215.0 91.0 52.1954557079452 74.54283603029825 UIL 72797 2015-12-03 12:00:00 47.95 -124.55 62.0 31.57
301.2 9144 -45.1 -53.1 215.0 88.0 50.47472639889206 72.08537989743127 UIL 72797 2015-12-03 12:00:00 47.95 -124.55 62.0 31.57
300.0 9170 -45.3 -53.3 215.0 88.0 50.47472639889206 72.08537989743127 UIL 72797 2015-12-03 12:00:00 47.95 -124.55 62.0 31.57
269.0 9888 -51.9 -58.9 212.0 83.0 43.983298931355996 70.38799198098336 UIL 72797 2015-12-03 12:00:00 47.95 -124.55 62.0 31.57
250.0 10360 -55.5 -61.5 210.0 79.0 39.50000000000001 68.41600689897065 UIL 72797 2015-12-03 12:00:00 47.95 -124.55 62.0 31.57
228.0 10939 -60.7 -64.6 210.0 77.0 38.50000000000001 66.68395609140177 UIL 72797 2015-12-03 12:00:00 47.95 -124.55 62.0 31.57
205.2 11582 -65.7 -69.7 210.0 75.0 37.50000000000001 64.9519052838329 UIL 72797 2015-12-03 12:00:00 47.95 -124.55 62.0 31.57
200.0 11740 -66.9 -70.9 210.0 79.0 39.50000000000001 68.41600689897065 UIL 72797 2015-12-03 12:00:00 47.95 -124.55 62.0 31.57
198.0 11801 -67.7 -71.8 210.0 82.0 41.00000000000001 71.01408311032397 UIL 72797 2015-12-03 12:00:00 47.95 -124.55 62.0 31.57
195.2 11887 -67.3 -71.3 215.0 93.0 53.342608580647294 76.18114011887623 UIL 72797 2015-12-03 12:00:00 47.95 -124.55 62.0 31.57
191.0 12019 -66.6 -70.6 215.0 93.0 53.342608580647294 76.18114011887623 UIL 72797 2015-12-03 12:00:00 47.95 -124.55 62.0 31.57
189.0 12083 -66.3 -70.3 215.0 91.0 52.1954557079452 74.54283603029825 UIL 72797 2015-12-03 12:00:00 47.95 -124.55 62.0 31.57
185.0 12214 -63.5 -68.5 215.0 86.0 49.32757352618997 70.44707580885328 UIL 72797 2015-12-03 12:00:00 47.95 -124.55 62.0 31.57
180.0 12382 -63.3 -70.3 215.0 80.0 45.88611490808369 65.53216354311934 UIL 72797 2015-12-03 12:00:00 47.95 -124.55 62.0 31.57
174.0 12593 -61.1 -71.1 215.0 73.0 41.87107985362637 59.798099233096394 UIL 72797 2015-12-03 12:00:00 47.95 -124.55 62.0 31.57
171.0 12702 -58.3 -69.3 215.0 69.0 39.57677410822218 56.52149105594042 UIL 72797 2015-12-03 12:00:00 47.95 -124.55 62.0 31.57
152.8 13411 -57.8 -71.4 215.0 45.0 25.810939635797077 36.861841993004624 UIL 72797 2015-12-03 12:00:00 47.95 -124.55 62.0 31.57
150.0 13530 -57.7 -71.7 210.0 51.0 25.500000000000007 44.167295593006365 UIL 72797 2015-12-03 12:00:00 47.95 -124.55 62.0 31.57
149.0 13572 -57.5 -71.5 210.0 53.0 26.500000000000007 45.89934640057525 UIL 72797 2015-12-03 12:00:00 47.95 -124.55 62.0 31.57
143.0 13831 -58.7 -72.7 213.0 65.0 35.40153727597676 54.51358691645256 UIL 72797 2015-12-03 12:00:00 47.95 -124.55 62.0 31.57
140.0 13965 -56.9 -70.9 215.0 71.0 40.723926980924276 58.15979514451841 UIL 72797 2015-12-03 12:00:00 47.95 -124.55 62.0 31.57
139.0 14010 -56.6 -70.6 215.0 73.0 41.87107985362637 59.798099233096394 UIL 72797 2015-12-03 12:00:00 47.95 -124.55 62.0 31.57
138.8 14021 -56.6 -70.6 215.0 73.0 41.87107985362637 59.798099233096394 UIL 72797 2015-12-03 12:00:00 47.95 -124.55 62.0 31.57
137.0 14102 -56.1 -70.1 219.0 71.0 44.68174776453847 55.177363263444924 UIL 72797 2015-12-03 12:00:00 47.95 -124.55 62.0 31.57
135.0 14196 -53.7 -68.7 224.0 70.0 48.62608593212982 50.353786023705574 UIL 72797 2015-12-03 12:00:00 47.95 -124.55 62.0 31.57
126.1 14630 -55.0 -70.0 245.0 61.0 55.28477500923566 25.779713966182644 UIL 72797 2015-12-03 12:00:00 47.95 -124.55 62.0 31.57
120.2 14935 -55.9 -70.9 240.0 38.0 32.90896534380866 19.000000000000018 UIL 72797 2015-12-03 12:00:00 47.95 -124.55 62.0 31.57
120.0 14949 -55.9 -70.9 240.0 38.0 32.90896534380866 19.000000000000018 UIL 72797 2015-12-03 12:00:00 47.95 -124.55 62.0 31.57
118.0 15055 -55.9 -69.9 236.0 39.0 32.33246532964663 21.808523235359118 UIL 72797 2015-12-03 12:00:00 47.95 -124.55 62.0 31.57
115.0 15220 -54.5 -68.5 231.0 41.0 31.862984419735792 25.80213603304335 UIL 72797 2015-12-03 12:00:00 47.95 -124.55 62.0 31.57
114.6 15240 -54.6 -68.6 230.0 41.0 31.407822167878095 26.354291997148124 UIL 72797 2015-12-03 12:00:00 47.95 -124.55 62.0 31.57
111.0 15446 -55.5 -69.5 228.0 41.0 30.468937844573166 27.43435486071318 UIL 72797 2015-12-03 12:00:00 47.95 -124.55 62.0 31.57
110.0 15503 -55.5 -69.5 227.0 41.0 29.98550176638599 27.96193276256244 UIL 72797 2015-12-03 12:00:00 47.95 -124.55 62.0 31.57
100.0 16110 -55.9 -69.9 220.0 40.0 25.71150438746157 30.641777724759123 UIL 72797 2015-12-03 12:00:00 47.95 -124.55 62.0 31.57
86.0 17069 -57.1 -71.1 225.0 25.0 17.677669529663685 17.677669529663692 UIL 72797 2015-12-03 12:00:00 47.95 -124.55 62.0 31.57
83.9 17224 -57.3 -71.3 228.0 27.0 20.064910287889646 18.066526371689168 UIL 72797 2015-12-03 12:00:00 47.95 -124.55 62.0 31.57
77.5 17729 -54.5 -68.5 236.0 35.0 29.016315039426466 19.571751621476132 UIL 72797 2015-12-03 12:00:00 47.95 -124.55 62.0 31.57
74.1 18016 -55.3 -69.3 241.0 40.0 34.98478828557583 19.392384809853475 UIL 72797 2015-12-03 12:00:00 47.95 -124.55 62.0 31.57
71.0 18288 -54.2 -67.5 245.0 44.0 39.877542629612606 18.59520351659076 UIL 72797 2015-12-03 12:00:00 47.95 -124.55 62.0 31.57
70.0 18380 -53.9 -66.9 255.0 39.0 37.671107225273666 10.093942758998304 UIL 72797 2015-12-03 12:00:00 47.95 -124.55 62.0 31.57
69.9 18389 -53.9 -66.9 255.0 38.0 36.70518139898459 9.835123713895785 UIL 72797 2015-12-03 12:00:00 47.95 -124.55 62.0 31.57
67.7 18593 -53.0 -66.8 260.0 26.0 25.60500157831741 4.514852619340188 UIL 72797 2015-12-03 12:00:00 47.95 -124.55 62.0 31.57
67.5 18614 -52.9 -66.8 258.0 25.0 24.45369001834514 5.197792270443995 UIL 72797 2015-12-03 12:00:00 47.95 -124.55 62.0 31.57
64.6 18898 -53.5 -66.8 235.0 16.0 13.106432708623865 9.177222981616742 UIL 72797 2015-12-03 12:00:00 47.95 -124.55 62.0 31.57
61.6 19202 -54.0 -66.7 220.0 19.0 12.212964584044245 14.554844419260585 UIL 72797 2015-12-03 12:00:00 47.95 -124.55 62.0 31.57
58.7 19507 -54.6 -66.6 250.0 20.0 18.79385241571817 6.84040286651337 UIL 72797 2015-12-03 12:00:00 47.95 -124.55 62.0 31.57
54.7 19964 -55.5 -66.5 248.0 30.0 27.81551563700362 11.23819780247737 UIL 72797 2015-12-03 12:00:00 47.95 -124.55 62.0 31.57
50.8 20438 -53.7 -66.3 245.0 40.0 36.25231148146601 16.904730469627964 UIL 72797 2015-12-03 12:00:00 47.95 -124.55 62.0 31.57
50.0 20540 -53.7 -66.3 245.0 42.0 38.06492705553931 17.749966993109364 UIL 72797 2015-12-03 12:00:00 47.95 -124.55 62.0 31.57
48.6 20726 -53.7 -66.3 255.0 43.0 41.53481053042994 11.129218939408387 UIL 72797 2015-12-03 12:00:00 47.95 -124.55 62.0 31.57
46.3 21031 -53.7 -66.2 260.0 38.0 37.42269461446391 6.598630751343353 UIL 72797 2015-12-03 12:00:00 47.95 -124.55 62.0 31.57
44.2 21336 -53.7 -66.1 240.0 36.0 31.17691453623978 18.000000000000014 UIL 72797 2015-12-03 12:00:00 47.95 -124.55 62.0 31.57
42.6 21569 -53.7 -66.0 236.0 40.0 33.161502902201676 22.367716138829863 UIL 72797 2015-12-03 12:00:00 47.95 -124.55 62.0 31.57
42.1 21641 -53.4 -66.0 235.0 41.0 33.58523381584865 23.516633890392903 UIL 72797 2015-12-03 12:00:00 47.95 -124.55 62.0 31.57
40.2 21946 -52.0 -65.9 270.0 30.0 30.0 5.510910596163089e-15 UIL 72797 2015-12-03 12:00:00 47.95 -124.55 62.0 31.57
39.5 22057 -51.5 -65.9 268.0 28.0 27.98294315653468 0.9771859076700211 UIL 72797 2015-12-03 12:00:00 47.95 -124.55 62.0 31.57
38.3 22250 -51.6 -65.8 265.0 24.0 23.908672754201895 2.091737825943798 UIL 72797 2015-12-03 12:00:00 47.95 -124.55 62.0 31.57
34.9 22860 -51.7 -65.7 260.0 34.0 33.48346360241507 5.904038040675632 UIL 72797 2015-12-03 12:00:00 47.95 -124.55 62.0 31.57
32.0 23423 -51.9 -65.5 258.0 30.0 29.344428022014167 6.237350724532795 UIL 72797 2015-12-03 12:00:00 47.95 -124.55 62.0 31.57
28.2 24247 -49.5 -65.3 255.0 25.0 24.148145657226706 6.470476127563016 UIL 72797 2015-12-03 12:00:00 47.95 -124.55 62.0 31.57
27.6 24384 -49.8 -65.3 255.0 24.0 23.18221983093764 6.211657082460495 UIL 72797 2015-12-03 12:00:00 47.95 -124.55 62.0 31.57
26.3 24689 -50.6 -65.2 235.0 19.0 15.56388884149084 10.897952290669881 UIL 72797 2015-12-03 12:00:00 47.95 -124.55 62.0 31.57
24.0 25298 -52.0 -65.0 265.0 24.0 23.908672754201895 2.091737825943798 UIL 72797 2015-12-03 12:00:00 47.95 -124.55 62.0 31.57
22.9 25603 -52.8 -64.9 255.0 18.0 17.38666487320323 4.6587428118453715 UIL 72797 2015-12-03 12:00:00 47.95 -124.55 62.0 31.57
20.8 26213 -54.3 -64.8 250.0 32.0 30.07016386514907 10.944644586421392 UIL 72797 2015-12-03 12:00:00 47.95 -124.55 62.0 31.57
20.0 26470 -54.9 -64.7 260.0 30.0 29.544232590366242 5.2094453300079095 UIL 72797 2015-12-03 12:00:00 47.95 -124.55 62.0 31.57
19.4 26664 -55.5 -64.6 266.0 33.0 32.9196136585742 2.301963633556144 UIL 72797 2015-12-03 12:00:00 47.95 -124.55 62.0 31.57
17.2 27432 -52.5 -64.4 290.0 45.0 42.286167935365874 -15.390906449655107 UIL 72797 2015-12-03 12:00:00 47.95 -124.55 62.0 31.57
16.9 27550 -52.1 -64.4 293.0 46.0 42.34322325881226 -17.97363191050658 UIL 72797 2015-12-03 12:00:00 47.95 -124.55 62.0 31.57
15.7 28042 -52.6 -64.3 305.0 50.0 40.95760221444959 -28.678821817552304 UIL 72797 2015-12-03 12:00:00 47.95 -124.55 62.0 31.57
14.9 28346 -52.8 -64.2 295.0 29.0 26.282925824062843 -12.255929590480289 UIL 72797 2015-12-03 12:00:00 47.95 -124.55 62.0 31.57
14.3 28629 -53.1 -64.1 nan nan nan nan UIL 72797 2015-12-03 12:00:00 47.95 -124.55 62.0 31.57
