1004.0 62 12.2 9.4 130.0 11.0 -8.42648887430876 7.070663706551931 UIL 72797 2015-12-03 00:00:00 47.95 -124.55 62.0 20.93
1000.0 88 11.8 9.9 135.0 14.0 -9.899494936611665 9.899494936611664 UIL 72797 2015-12-03 00:00:00 47.95 -124.55 62.0 20.93
974.3 305 10.3 9.1 145.0 28.0 -16.060140217829286 22.936257240091773 UIL 72797 2015-12-03 00:00:00 47.95 -124.55 62.0 20.93
939.2 610 8.1 8.1 160.0 37.0 -12.654745303049749 34.76862696907861 UIL 72797 2015-12-03 00:00:00 47.95 -124.55 62.0 20.93
937.0 630 8.0 8.0 161.0 37.0 -12.046021714914794 34.98418729717472 UIL 72797 2015-12-03 00:00:00 47.95 -124.55 62.0 20.93
925.0 736 7.6 7.6 165.0 39.0 -10.09394275899832 37.67110722527366 UIL 72797 2015-12-03 00:00:00 47.95 -124.55 62.0 20.93
905.1 914 6.7 6.7 170.0 40.0 -6.94592710667721 39.392310120488325 UIL 72797 2015-12-03 00:00:00 47.95 -124.55 62.0 20.93
872.1 1219 5.2 5.2 180.0 36.0 -4.408728476930472e-15 36.0 UIL 72797 2015-12-03 00:00:00 47.95 -124.55 62.0 20.93
860.0 1334 4.6 4.6 180.0 35.0 -4.2862637970157365e-15 35.0 UIL 72797 2015-12-03 00:00:00 47.95 -124.55 62.0 20.93
850.0 1429 3.2 2.5 180.0 34.0 -4.1637991171010006e-15 34.0 UIL 72797 2015-12-03 00:00:00 47.95 -124.55 62.0 20.93
845.0 1477 2.8 1.3 180.0 32.0 -3.91886975727153e-15 32.0 UIL 72797 2015-12-03 00:00:00 47.95 -124.55 62.0 20.93
840.1 1524 2.8 0.8 180.0 31.0 -3.796405077356795e-15 31.0 UIL 72797 2015-12-03 00:00:00 47.95 -124.55 62.0 20.93
834.0 1583 2.8 0.2 181.0 32.0 0.5584770059930764 31.99512624500452 UIL 72797 2015-12-03 00:00:00 47.95 -124.55 62.0 20.93
828.0 1642 2.2 -2.8 182.0 32.0 1.1167838944800286 31.980506464611064 UIL 72797 2015-12-03 00:00:00 47.95 -124.55 62.0 20.93
809.0 1829 1.2 -5.4 185.0 34.0 2.96329525342037 33.87061973511935 UIL 72797 2015-12-03 00:00:00 47.95 -124.55 62.0 20.93
805.0 1869 1.0 -6.0 184.0 34.0 2.371720107300259 33.917177708834025 UIL 72797 2015-12-03 00:00:00 47.95 -124.55 62.0 20.93
793.0 1989 0.6 -6.4 182.0 35.0 1.2214823845875313 34.97867894566835 UIL 72797 2015-12-03 00:00:00 47.95 -124.55 62.0 20.93
778.8 2134 -0.2 -4.3 180.0 35.0 -4.2862637970157365e-15 35.0 UIL 72797 2015-12-03 00:00:00 47.95 -124.55 62.0 20.93
769.0 2236 -0.7 -2.8 182.0 35.0 1.2214823845875313 34.97867894566835 UIL 72797 2015-12-03 00:00:00 47.95 -124.55 62.0 20.93
756.0 2372 -1.5 -9.5 184.0 35.0 2.441476581044385 34.91474175909385 UIL 72797 2015-12-03 00:00:00 47.95 -124.55 62.0 20.93
752.0 2414 -1.1 -7.1 185.0 35.0 3.050450996168028 34.8668144332111 UIL 72797 2015-12-03 00:00:00 47.95 -124.55 62.0 20.93
749.8 2438 -1.2 -7.3 185.0 35.0 3.050450996168028 34.8668144332111 UIL 72797 2015-12-03 00:00:00 47.95 -124.55 62.0 20.93
721.5 2743 -2.7 -9.5 200.0 45.0 15.39090644965509 42.28616793536588 UIL 72797 2015-12-03 00:00:00 47.95 -124.55 62.0 20.93
714.0 2827 -3.1 -10.1 202.0 45.0 16.85729670371604 41.723273455505435 UIL 72797 2015-12-03 00:00:00 47.95 -124.55 62.0 20.93
700.0 2983 -4.3 -11.3 205.0 46.0 19.44044004007217 41.690158203685904 UIL 72797 2015-12-03 00:00:00 47.95 -124.55 62.0 20.93
696.0 3028 -4.7 -11.7 205.0 46.0 19.44044004007217 41.690158203685904 UIL 72797 2015-12-03 00:00:00 47.95 -124.55 62.0 20.93
694.2 3048 -4.8 -13.0 205.0 46.0 19.44044004007217 41.690158203685904 UIL 72797 2015-12-03 00:00:00 47.95 -124.55 62.0 20.93
684.0 3165 -5.5 -20.5 204.0 46.0 18.70988558148681 42.02309105155964 UIL 72797 2015-12-03 00:00:00 47.95 -124.55 62.0 20.93
677.0 3246 -5.9 -21.9 203.0 47.0 18.364363038995858 43.2637281122647 UIL 72797 2015-12-03 00:00:00 47.95 -124.55 62.0 20.93
660.0 3444 -7.9 -17.9 202.0 47.0 17.606509890547866 43.57764116463901 UIL 72797 2015-12-03 00:00:00 47.95 -124.55 62.0 20.93
647.0 3599 -9.3 -19.3 200.0 48.0 16.416966879632096 45.105245797723605 UIL 72797 2015-12-03 00:00:00 47.95 -124.55 62.0 20.93
642.0 3658 -9.9 -15.3 200.0 48.0 16.416966879632096 45.105245797723605 UIL 72797 2015-12-03 00:00:00 47.95 -124.55 62.0 20.93
640.0 3683 -10.1 -13.6 200.0 48.0 16.416966879632096 45.105245797723605 UIL 72797 2015-12-03 00:00:00 47.95 -124.55 62.0 20.93
634.0 3755 -10.5 -13.3 198.0 46.0 14.214781741247576 43.74859974957707 UIL 72797 2015-12-03 00:00:00 47.95 -124.55 62.0 20.93
620.0 3927 -11.1 -13.9 196.0 44.0 12.128043655947955 42.29551462128603 UIL 72797 2015-12-03 00:00:00 47.95 -124.55 62.0 20.93
617.2 3962 -10.7 -13.1 195.0 43.0 11.129218939408394 41.53481053042994 UIL 72797 2015-12-03 00:00:00 47.95 -124.55 62.0 20.93
611.0 4040 -9.7 -11.4 200.0 46.0 15.732926592980759 43.22586055615179 UIL 72797 2015-12-03 00:00:00 47.95 -124.55 62.0 20.93
593.2 4267 -11.1 -12.2 215.0 55.0 31.54670399930754 45.05336243589454 UIL 72797 2015-12-03 00:00:00 47.95 -124.55 62.0 20.93
571.0 4560 -12.9 -13.2 225.0 53.0 37.476659402887016 37.47665940288703 UIL 72797 2015-12-03 00:00:00 47.95 -124.55 62.0 20.93
559.0 4722 -13.7 -14.5 230.0 51.0 39.068266599067876 32.78216809401352 UIL 72797 2015-12-03 00:00:00 47.95 -124.55 62.0 20.93
547.7 4877 -14.9 -15.8 235.0 50.0 40.95760221444958 28.67882181755232 UIL 72797 2015-12-03 00:00:00 47.95 -124.55 62.0 20.93
544.0 4929 -15.3 -16.3 237.0 50.0 41.9335283972712 27.23195175075135 UIL 72797 2015-12-03 00:00:00 47.95 -124.55 62.0 20.93
537.0 5027 -16.3 -18.4 240.0 49.0 42.43524478543748 24.50000000000002 UIL 72797 2015-12-03 00:00:00 47.95 -124.55 62.0 20.93
532.0 5097 -17.3 -21.7 242.0 48.0 42.381484457228495 22.534635013722756 UIL 72797 2015-12-03 00:00:00 47.95 -124.55 62.0 20.93
526.0 5182 -17.8 -22.2 245.0 47.0 42.59646599072256 19.86305830181286 UIL 72797 2015-12-03 00:00:00 47.95 -124.55 62.0 20.93
502.0 5530 -19.7 -24.5 240.0 48.0 41.56921938165304 24.00000000000002 UIL 72797 2015-12-03 00:00:00 47.95 -124.55 62.0 20.93
500.0 5560 -19.9 -24.5 240.0 48.0 41.56921938165304 24.00000000000002 UIL 72797 2015-12-03 00:00:00 47.95 -124.55 62.0 20.93
488.0 5739 -21.1 -23.2 237.0 46.0 38.578846125489505 25.05339561069124 UIL 72797 2015-12-03 00:00:00 47.95 -124.55 62.0 20.93
478.0 5891 -22.3 -23.9 234.0 44.0 35.596747752497684 25.862551100868824 UIL 72797 2015-12-03 00:00:00 47.95 -124.55 62.0 20.93
464.7 6096 -23.9 -26.0 230.0 42.0 32.173866610997074 26.997079606834664 UIL 72797 2015-12-03 00:00:00 47.95 -124.55 62.0 20.93
445.6 6401 -26.2 -29.2 230.0 42.0 32.173866610997074 26.997079606834664 UIL 72797 2015-12-03 00:00:00 47.95 -124.55 62.0 20.93
438.0 6525 -27.1 -30.5 229.0 44.0 33.20722152980196 28.866597275582325 UIL 72797 2015-12-03 00:00:00 47.95 -124.55 62.0 20.93
400.0 7170 -32.7 -36.5 225.0 54.0 38.18376618407356 38.183766184073576 UIL 72797 2015-12-03 00:00:00 47.95 -124.55 62.0 20.93
399.0 7188 -32.7 -36.4 225.0 54.0 38.18376618407356 38.183766184073576 UIL 72797 2015-12-03 00:00:00 47.95 -124.55 62.0 20.93
395.0 7259 -33.3 -38.0 225.0 55.0 38.89087296526011 38.89087296526012 UIL 72797 2015-12-03 00:00:00 47.95 -124.55 62.0 20.93
375.0 7620 -36.5 -40.8 225.0 59.0 41.7193000900063 41.719300090006314 UIL 72797 2015-12-03 00:00:00 47.95 -124.55 62.0 20.93
361.0 7886 -38.9 -42.9 227.0 60.0 43.88122209715023 40.91990160374991 UIL 72797 2015-12-03 00:00:00 47.95 -124.55 62.0 20.93
349.0 8118 -40.7 -45.7 229.0 61.0 46.03728439358908 40.01960076842095 UIL 72797 2015-12-03 00:00:00 47.95 -124.55 62.0 20.93
313.4 8839 -47.4 -51.1 235.0 63.0 51.60657879020647 36.13531549011592 UIL 72797 2015-12-03 00:00:00 47.95 -124.55 62.0 20.93
302.0 9086 -49.7 -52.9 235.0 75.0 61.43640332167437 43.01823272632848 UIL 72797 2015-12-03 00:00:00 47.95 -124.55 62.0 20.93
300.0 9130 -49.9 -52.9 235.0 77.0 63.07470741025235 44.16538559903057 UIL 72797 2015-12-03 00:00:00 47.95 -124.55 62.0 20.93
299.3 9144 -50.0 -53.0 235.0 77.0 63.07470741025235 44.16538559903057 UIL 72797 2015-12-03 00:00:00 47.95 -124.55 62.0 20.93
250.0 10290 -59.3 -63.8 245.0 104.0 94.25600985181161 43.95229922103271 UIL 72797 2015-12-03 00:00:00 47.95 -124.55 62.0 20.93
247.0 10366 -59.9 -64.3 246.0 107.0 97.7493639677583 43.52082080911061 UIL 72797 2015-12-03 00:00:00 47.95 -124.55 62.0 20.93
223.8 10973 -63.9 -68.7 250.0 128.0 120.28065546059628 43.77857834568557 UIL 72797 2015-12-03 00:00:00 47.95 -124.55 62.0 20.93
223.0 10994 -64.1 -68.8 250.0 128.0 120.28065546059628 43.77857834568557 UIL 72797 2015-12-03 00:00:00 47.95 -124.55 62.0 20.93
206.0 11481 -67.3 -72.3 255.0 107.0 103.35406341293032 27.693637825969706 UIL 72797 2015-12-03 00:00:00 47.95 -124.55 62.0 20.93
202.0 11600 -66.5 -71.5 255.0 102.0 98.52443428148497 26.399542600457103 UIL 72797 2015-12-03 00:00:00 47.95 -124.55 62.0 20.93
200.0 11660 -66.7 -71.5 255.0 99.0 95.62665680261776 25.623085465149543 UIL 72797 2015-12-03 00:00:00 47.95 -124.55 62.0 20.93
196.0 11782 -66.5 -71.3 255.0 98.0 94.6607309763287 25.36426642004702 UIL 72797 2015-12-03 00:00:00 47.95 -124.55 62.0 20.93
192.7 11887 -65.2 -72.5 255.0 98.0 94.6607309763287 25.36426642004702 UIL 72797 2015-12-03 00:00:00 47.95 -124.55 62.0 20.93
179.0 12342 -59.5 -77.5 250.0 69.0 64.83879083422768 23.599389889471126 UIL 72797 2015-12-03 00:00:00 47.95 -124.55 62.0 20.93
171.0 12629 -58.1 -81.1 247.0 51.0 46.945747526074456 19.927287552952965 UIL 72797 2015-12-03 00:00:00 47.95 -124.55 62.0 20.93
166.3 12802 -58.8 -82.1 245.0 40.0 36.25231148146601 16.904730469627964 UIL 72797 2015-12-03 00:00:00 47.95 -124.55 62.0 20.93
158.5 13106 -60.1 -83.9 225.0 54.0 38.18376618407356 38.183766184073576 UIL 72797 2015-12-03 00:00:00 47.95 -124.55 62.0 20.93
155.0 13245 -60.7 -84.7 227.0 62.0 45.34392950038857 42.283898323874915 UIL 72797 2015-12-03 00:00:00 47.95 -124.55 62.0 20.93
150.9 13411 -59.6 -84.4 230.0 71.0 54.38915546144743 45.63792028774431 UIL 72797 2015-12-03 00:00:00 47.95 -124.55 62.0 20.93
150.0 13450 -59.3 -84.3 230.0 71.0 54.38915546144743 45.63792028774431 UIL 72797 2015-12-03 00:00:00 47.95 -124.55 62.0 20.93
140.0 13885 -56.3 -84.3 237.0 55.0 46.12688123699832 29.955146925826483 UIL 72797 2015-12-03 00:00:00 47.95 -124.55 62.0 20.93
130.5 14326 -58.1 -85.6 245.0 38.0 34.439695907392704 16.059493946146567 UIL 72797 2015-12-03 00:00:00 47.95 -124.55 62.0 20.93
123.0 14700 -59.7 -86.7 239.0 50.0 42.85836503510561 25.751903745502723 UIL 72797 2015-12-03 00:00:00 47.95 -124.55 62.0 20.93
120.0 14855 -57.5 -85.5 236.0 55.0 45.597066490527304 30.755609690891063 UIL 72797 2015-12-03 00:00:00 47.95 -124.55 62.0 20.93
118.5 14935 -57.1 -85.4 235.0 58.0 47.510818568761515 33.26743330836069 UIL 72797 2015-12-03 00:00:00 47.95 -124.55 62.0 20.93
115.0 15124 -56.1 -85.1 244.0 53.0 47.636084453855844 23.23367077982112 UIL 72797 2015-12-03 00:00:00 47.95 -124.55 62.0 20.93
113.0 15236 -56.5 -85.5 250.0 50.0 46.98463103929542 17.101007166283424 UIL 72797 2015-12-03 00:00:00 47.95 -124.55 62.0 20.93
112.9 15240 -56.5 -85.5 250.0 50.0 46.98463103929542 17.101007166283424 UIL 72797 2015-12-03 00:00:00 47.95 -124.55 62.0 20.93
111.0 15349 -56.1 -86.1 248.0 45.0 41.72327345550543 16.857296703716052 UIL 72797 2015-12-03 00:00:00 47.95 -124.55 62.0 20.93
107.6 15545 -56.9 -86.2 245.0 37.0 33.53338812035606 15.636875684405867 UIL 72797 2015-12-03 00:00:00 47.95 -124.55 62.0 20.93
106.0 15641 -57.3 -86.3 244.0 37.0 33.255379713069175 16.219732431195876 UIL 72797 2015-12-03 00:00:00 47.95 -124.55 62.0 20.93
103.0 15823 -56.5 -86.5 242.0 37.0 32.6690609357803 17.370447823077956 UIL 72797 2015-12-03 00:00:00 47.95 -124.55 62.0 20.93
100.0 16010 -56.9 -85.9 240.0 37.0 32.04293994002422 18.500000000000018 UIL 72797 2015-12-03 00:00:00 47.95 -124.55 62.0 20.93
93.5 16436 -56.3 -86.3 240.0 45.0 38.971143170299726 22.50000000000002 UIL 72797 2015-12-03 00:00:00 47.95 -124.55 62.0 20.93
93.2 16459 -56.1 -86.2 240.0 45.0 38.971143170299726 22.50000000000002 UIL 72797 2015-12-03 00:00:00 47.95 -124.55 62.0 20.93
88.3 16802 -53.5 -85.5 249.0 36.0 33.60889535389926 12.901246183630825 UIL 72797 2015-12-03 00:00:00 47.95 -124.55 62.0 20.93
80.7 17374 -56.0 -86.7 265.0 20.0 19.92389396183491 1.743114854953165 UIL 72797 2015-12-03 00:00:00 47.95 -124.55 62.0 20.93
77.1 17667 -57.3 -87.3 251.0 15.0 14.182778633989752 4.883522316857349 UIL 72797 2015-12-03 00:00:00 47.95 -124.55 62.0 20.93
77.0 17678 -57.2 -87.3 250.0 15.0 14.095389311788626 5.130302149885027 UIL 72797 2015-12-03 00:00:00 47.95 -124.55 62.0 20.93
75.3 17817 -55.9 -86.9 250.0 22.0 20.673237657289985 7.5244431531647065 UIL 72797 2015-12-03 00:00:00 47.95 -124.55 62.0 20.93
73.3 17983 -56.2 -87.2 250.0 31.0 29.13047124436316 10.602624443095722 UIL 72797 2015-12-03 00:00:00 47.95 -124.55 62.0 20.93
70.0 18280 -56.7 -87.7 250.0 21.0 19.733545036504076 7.182423009839038 UIL 72797 2015-12-03 00:00:00 47.95 -124.55 62.0 20.93
69.9 18288 -56.7 -87.7 260.0 25.0 24.6201938253052 4.341204441673258 UIL 72797 2015-12-03 00:00:00 47.95 -124.55 62.0 20.93
66.6 18593 -57.9 -87.9 215.0 29.0 16.63371665418034 23.755409284380757 UIL 72797 2015-12-03 00:00:00 47.95 -124.55 62.0 20.93
66.5 18603 -57.9 -87.9 216.0 29.0 17.045772316481717 23.461492836873475 UIL 72797 2015-12-03 00:00:00 47.95 -124.55 62.0 20.93
63.5 18898 -56.3 -87.4 230.0 36.0 27.577599952283204 23.140353948715426 UIL 72797 2015-12-03 00:00:00 47.95 -124.55 62.0 20.93
61.3 19118 -55.1 -87.1 252.0 32.0 30.433808521444913 9.888543819998322 UIL 72797 2015-12-03 00:00:00 47.95 -124.55 62.0 20.93
60.5 19202 -55.2 -87.0 260.0 31.0 30.529040343378448 5.3830935076748405 UIL 72797 2015-12-03 00:00:00 47.95 -124.55 62.0 20.93
57.8 19492 -55.5 -86.5 241.0 31.0 27.113210921321272 15.029098227636442 UIL 72797 2015-12-03 00:00:00 47.95 -124.55 62.0 20.93
57.7 19507 -55.4 -86.5 240.0 31.0 26.84678751731759 15.500000000000014 UIL 72797 2015-12-03 00:00:00 47.95 -124.55 62.0 20.93
55.0 19812 -54.2 -86.0 250.0 33.0 31.00985648593498 11.286664729747061 UIL 72797 2015-12-03 00:00:00 47.95 -124.55 62.0 20.93
52.4 20117 -52.9 -85.5 240.0 39.0 33.774990747593094 19.500000000000018 UIL 72797 2015-12-03 00:00:00 47.95 -124.55 62.0 20.93
51.2 20267 -52.3 -85.3 245.0 33.0 29.908156972209454 13.94640263744307 UIL 72797 2015-12-03 00:00:00 47.95 -124.55 62.0 20.93
50.0 20422 -52.9 -84.9 240.0 31.0 26.84678751731759 15.500000000000014 UIL 72797 2015-12-03 00:00:00 47.95 -124.55 62.0 20.93
50.0 20420 -52.9 -84.9 250.0 27.0 25.37170076121953 9.234543869793049 UIL 72797 2015-12-03 00:00:00 47.95 -124.55 62.0 20.93
47.7 20726 -53.0 -85.0 250.0 40.0 37.58770483143634 13.68080573302674 UIL 72797 2015-12-03 00:00:00 47.95 -124.55 62.0 20.93
45.5 21031 -53.0 -85.0 275.0 24.0 23.908672754201895 -2.091737825943789 UIL 72797 2015-12-03 00:00:00 47.95 -124.55 62.0 20.93
43.4 21336 -53.1 -85.1 255.0 19.0 18.352590699492296 4.917561856947892 UIL 72797 2015-12-03 00:00:00 47.95 -124.55 62.0 20.93
42.0 21547 -53.1 -85.1 253.0 19.0 18.169790363297672 5.5550623897320035 UIL 72797 2015-12-03 00:00:00 47.95 -124.55 62.0 20.93
39.5 21946 -50.9 -84.5 250.0 20.0 18.79385241571817 6.84040286651337 UIL 72797 2015-12-03 00:00:00 47.95 -124.55 62.0 20.93
38.9 22045 -50.3 -84.3 258.0 20.0 19.56295201467611 4.158233816355196 UIL 72797 2015-12-03 00:00:00 47.95 -124.55 62.0 20.93
37.7 22250 -50.8 -84.5 275.0 21.0 20.920088659926655 -1.8302705977008156 UIL 72797 2015-12-03 00:00:00 47.95 -124.55 62.0 20.93
34.3 22860 -52.3 -85.2 250.0 16.0 15.035081932574535 5.472322293210696 UIL 72797 2015-12-03 00:00:00 47.95 -124.55 62.0 20.93
32.7 23165 -53.0 -85.5 245.0 21.0 19.032463527769654 8.874983496554682 UIL 72797 2015-12-03 00:00:00 47.95 -124.55 62.0 20.93
31.0 23518 -53.9 -85.9 267.0 25.0 24.965738368864347 1.3083989060736076 UIL 72797 2015-12-03 00:00:00 47.95 -124.55 62.0 20.93
30.0 23730 -52.3 -85.3 280.0 27.0 26.58980933132962 -4.6885007970071095 UIL 72797 2015-12-03 00:00:00 47.95 -124.55 62.0 20.93
29.8 23774 -52.2 -85.2 280.0 27.0 26.58980933132962 -4.6885007970071095 UIL 72797 2015-12-03 00:00:00 47.95 -124.55 62.0 20.93
28.4 24079 -51.2 -84.7 245.0 26.0 23.564002462952903 10.988074805258178 UIL 72797 2015-12-03 00:00:00 47.95 -124.55 62.0 20.93
27.3 24343 -50.3 -84.3 254.0 32.0 30.760374270026208 8.820395386143964 UIL 72797 2015-12-03 00:00:00 47.95 -124.55 62.0 20.93
27.1 24384 -50.4 -84.4 255.0 33.0 31.875552267539256 8.54102848838318 UIL 72797 2015-12-03 00:00:00 47.95 -124.55 62.0 20.93
25.9 24689 -51.2 -84.8 250.0 29.0 27.251086002791343 9.918584156444386 UIL 72797 2015-12-03 00:00:00 47.95 -124.55 62.0 20.93
24.4 25072 -52.3 -85.3 269.0 29.0 28.995583159535347 0.5061197866812215 UIL 72797 2015-12-03 00:00:00 47.95 -124.55 62.0 20.93
21.4 25908 -51.6 -84.6 310.0 29.0 22.215288850450367 -18.640840680909637 UIL 72797 2015-12-03 00:00:00 47.95 -124.55 62.0 20.93
21.2 25983 -51.5 -84.5 308.0 28.0 22.06430110098821 -17.23852130911844 UIL 72797 2015-12-03 00:00:00 47.95 -124.55 62.0 20.93
20.0 26360 -53.1 -85.1 300.0 23.0 19.918584287042087 -11.5 UIL 72797 2015-12-03 00:00:00 47.95 -124.55 62.0 20.93
19.5 26518 -53.9 -85.4 300.0 23.0 19.918584287042087 -11.5 UIL 72797 2015-12-03 00:00:00 47.95 -124.55 62.0 20.93
19.0 26689 -54.7 -85.7 303.0 31.0 25.998787606308152 -16.883810085465825 UIL 72797 2015-12-03 00:00:00 47.95 -124.55 62.0 20.93
18.6 26822 -54.4 -85.6 305.0 38.0 31.127777682981687 -21.795904581339748 UIL 72797 2015-12-03 00:00:00 47.95 -124.55 62.0 20.93
16.9 27432 -52.9 -85.3 305.0 36.0 29.489473594403705 -20.648751708637658 UIL 72797 2015-12-03 00:00:00 47.95 -124.55 62.0 20.93
16.1 27755 -52.1 -85.1 305.0 37.0 30.308625638692696 -21.222328144988705 UIL 72797 2015-12-03 00:00:00 47.95 -124.55 62.0 20.93
15.0 28211 -53.9 -85.9 305.0 38.0 31.127777682981687 -21.795904581339748 UIL 72797 2015-12-03 00:00:00 47.95 -124.55 62.0 20.93
12.8 29234 -51.9 -84.9 305.0 41.0 33.58523381584866 -23.51663389039289 UIL 72797 2015-12-03 00:00:00 47.95 -124.55 62.0 20.93
11.0 30206 -56.1 -87.1 305.0 43.0 35.22353790442665 -24.66378676309498 UIL 72797 2015-12-03 00:00:00 47.95 -124.55 62.0 20.93
10.8 30323 -55.3 -86.3 305.0 44.0 36.04268994871564 -25.237363199446026 UIL 72797 2015-12-03 00:00:00 47.95 -124.55 62.0 20.93
10.5 30480 -56.6 -87.0 305.0 44.0 36.04268994871564 -25.237363199446026 UIL 72797 2015-12-03 00:00:00 47.95 -124.55 62.0 20.93
10.3 30623 -57.7 -87.7 305.0 45.0 36.86184199300463 -25.810939635797073 UIL 72797 2015-12-03 00:00:00 47.95 -124.55 62.0 20.93
10.0 30810 -57.3 -88.3 305.0 46.0 37.68099403729362 -26.384516072148116 UIL 72797 2015-12-03 00:00:00 47.95 -124.55 62.0 20.93
10.0 30785 -57.4 -88.2 305.0 46.0 37.68099403729362 -26.384516072148116 UIL 72797 2015-12-03 00:00:00 47.95 -124.55 62.0 20.93
9.4 31200 -58.7 -88.7 nan nan nan nan UIL 72797 2015-12-03 00:00:00 47.95 -124.55 62.0 20.93
